{
    "frames": [
        {
            "file_path": "camera/000.jpg",
            "transform_matrix": [
                [
                    -0.6432473659515381,
                    -0.07704932242631912,
                    0.7617719173431396,
                    -1.0987075567245483
                ],
                [
                    0.29688477516174316,
                    0.8919855356216431,
                    0.3409121036529541,
                    -0.028732318431138992
                ],
                [
                    -0.705756664276123,
                    0.4454491138458252,
                    -0.5508922934532166,
                    -0.06906334310770035
                ],
                [
                    0.0,
                    0.0,
                    0.0,
                    1.0
                ]
            ],
            "w": 672,
            "h": 3,
            "fl_x": 1236.78,
            "fl_y": 1201.39,
            "cx": 971.4,
            "cy": 565.1
        },
        {
            "file_path": "camera/001.jpg",
            "transform_matrix": [
                [
                    -0.6420873999595642,
                    -0.07730429619550705,
                    0.7627236843109131,
                    -1.1017793416976929
                ],
                [
                    0.29766589403152466,
                    0.891706109046936,
                    0.340962290763855,
                    -0.029488466680049896
                ],
                [
                    -0.7064832448959351,
                    0.4459643065929413,
                    -0.5495426654815674,
                    -0.0705014020204544
                ],
                [
                    0.0,
                    0.0,
                    0.0,
                    1.0
                ]
            ],
            "w": 672,
            "h": 3,
            "fl_x": 1236.78,
            "fl_y": 1201.39,
            "cx": 971.4,
            "cy": 565.1
        },
        {
            "file_path": "camera/002.jpg",
            "transform_matrix": [
                [
                    -0.636326014995575,
                    -0.07589317113161087,
                    0.767677903175354,
                    -1.095000147819519
                ],
                [
                    0.30130457878112793,
                    0.8916497826576233,
                    0.33789968490600586,
                    -0.02515397220849991
                ],
                [
                    -0.71014404296875,
                    0.44631895422935486,
                    -0.5445130467414856,
                    -0.07857680320739746
                ],
                [
                    0.0,
                    0.0,
                    0.0,
                    1.0
                ]
            ],
            "w": 672,
            "h": 3,
            "fl_x": 1236.78,
            "fl_y": 1201.39,
            "cx": 971.4,
            "cy": 565.1
        },
        {
            "file_path": "camera/003.jpg",
            "transform_matrix": [
                [
                    -0.6342427134513855,
                    -0.07705508917570114,
                    0.7692840695381165,
                    -1.093434453010559
                ],
                [
                    0.30308905243873596,
                    0.8905916810035706,
                    0.3390900492668152,
                    -0.027849752455949783
                ],
                [
                    -0.7112470865249634,
                    0.44822704792022705,
                    -0.5414969325065613,
                    -0.0722527876496315
                ],
                [
                    0.0,
                    0.0,
                    0.0,
                    1.0
                ]
            ],
            "w": 672,
            "h": 3,
            "fl_x": 1236.78,
            "fl_y": 1201.39,
            "cx": 971.4,
            "cy": 565.1
        },
        {
            "file_path": "camera/004.jpg",
            "transform_matrix": [
                [
                    -0.6222312450408936,
                    -0.07599364221096039,
                    0.7791377902030945,
                    -1.088152527809143
                ],
                [
                    0.3088599741458893,
                    0.8907078504562378,
                    0.3335364758968353,
                    -0.02419009804725647
                ],
                [
                    -0.7193304300308228,
                    0.44817960262298584,
                    -0.5307542681694031,
                    -0.07466542720794678
                ],
                [
                    0.0,
                    0.0,
                    0.0,
                    1.0
                ]
            ],
            "w": 672,
            "h": 3,
            "fl_x": 1236.78,
            "fl_y": 1201.39,
            "cx": 971.4,
            "cy": 565.1
        },
        {
            "file_path": "camera/005.jpg",
            "transform_matrix": [
                [
                    -0.6143051981925964,
                    -0.07501652836799622,
                    0.7854950428009033,
                    -1.0888179540634155
                ],
                [
                    0.31364262104034424,
                    0.890239953994751,
                    0.3303075134754181,
                    -0.02208063378930092
                ],
                [
                    -0.7240577936172485,
                    0.44927364587783813,
                    -0.5233503580093384,
                    -0.07953427731990814
                ],
                [
                    0.0,
                    0.0,
                    0.0,
                    1.0
                ]
            ],
            "w": 672,
            "h": 3,
            "fl_x": 1236.78,
            "fl_y": 1201.39,
            "cx": 971.4,
            "cy": 565.1
        },
        {
            "file_path": "camera/006.jpg",
            "transform_matrix": [
                [
                    -0.6006045341491699,
                    -0.07535811513662338,
                    0.7959886789321899,
                    -1.0849326848983765
                ],
                [
                    0.3200494050979614,
                    0.8896517157554626,
                    0.3257153630256653,
                    -0.0191942285746336
                ],
                [
                    -0.7326979637145996,
                    0.4503798186779022,
                    -0.5102096796035767,
                    -0.0816851407289505
                ],
                [
                    0.0,
                    0.0,
                    0.0,
                    1.0
                ]
            ],
            "w": 672,
            "h": 3,
            "fl_x": 1236.78,
            "fl_y": 1201.39,
            "cx": 971.4,
            "cy": 565.1
        },
        {
            "file_path": "camera/007.jpg",
            "transform_matrix": [
                [
                    -0.5910235047340393,
                    -0.07582259178161621,
                    0.8030830025672913,
                    -1.082330584526062
                ],
                [
                    0.32503002882003784,
                    0.888791561126709,
                    0.3231183588504791,
                    -0.01981954835355282
                ],
                [
                    -0.7382733821868896,
                    0.45199599862098694,
                    -0.5006523132324219,
                    -0.08364545553922653
                ],
                [
                    0.0,
                    0.0,
                    0.0,
                    1.0
                ]
            ],
            "w": 672,
            "h": 3,
            "fl_x": 1236.78,
            "fl_y": 1201.39,
            "cx": 971.4,
            "cy": 565.1
        },
        {
            "file_path": "camera/008.jpg",
            "transform_matrix": [
                [
                    -0.5806902050971985,
                    -0.07573749125003815,
                    0.8105942010879517,
                    -1.0692181587219238
                ],
                [
                    0.32969924807548523,
                    0.8884855508804321,
                    0.3192042112350464,
                    -0.013078324496746063
                ],
                [
                    -0.7443771362304688,
                    0.4526110887527466,
                    -0.4909641742706299,
                    -0.09025522321462631
                ],
                [
                    0.0,
                    0.0,
                    0.0,
                    1.0
                ]
            ],
            "w": 672,
            "h": 3,
            "fl_x": 1236.78,
            "fl_y": 1201.39,
            "cx": 971.4,
            "cy": 565.1
        },
        {
            "file_path": "camera/009.jpg",
            "transform_matrix": [
                [
                    -0.5715970993041992,
                    -0.0752640888094902,
                    0.8170754313468933,
                    -1.0616846084594727
                ],
                [
                    0.33388200402259827,
                    0.8882839679718018,
                    0.3153954744338989,
                    -0.01071508415043354
                ],
                [
                    -0.74953293800354,
                    0.4530857801437378,
                    -0.4826112389564514,
                    -0.09375866502523422
                ],
                [
                    0.0,
                    0.0,
                    0.0,
                    1.0
                ]
            ],
            "w": 672,
            "h": 3,
            "fl_x": 1236.78,
            "fl_y": 1201.39,
            "cx": 971.4,
            "cy": 565.1
        },
        {
            "file_path": "camera/010.jpg",
            "transform_matrix": [
                [
                    -0.5677121877670288,
                    -0.07435794919729233,
                    0.8198612928390503,
                    -1.0436023473739624
                ],
                [
                    0.3357466459274292,
                    0.8884062767028809,
                    0.31306204199790955,
                    -0.006009798496961594
                ],
                [
                    -0.7516486644744873,
                    0.45299583673477173,
                    -0.4793936014175415,
                    -0.09973708540201187
                ],
                [
                    0.0,
                    0.0,
                    0.0,
                    1.0
                ]
            ],
            "w": 672,
            "h": 3,
            "fl_x": 1236.78,
            "fl_y": 1201.39,
            "cx": 971.4,
            "cy": 565.1
        },
        {
            "file_path": "camera/011.jpg",
            "transform_matrix": [
                [
                    -0.5660814642906189,
                    -0.07486681640148163,
                    0.8209419250488281,
                    -1.0427957773208618
                ],
                [
                    0.33709514141082764,
                    0.8877749443054199,
                    0.3134056329727173,
                    -0.005383804440498352
                ],
                [
                    -0.7522751688957214,
                    0.4541490972042084,
                    -0.4773162603378296,
                    -0.10010143369436264
                ],
                [
                    0.0,
                    0.0,
                    0.0,
                    1.0
                ]
            ],
            "w": 672,
            "h": 3,
            "fl_x": 1236.78,
            "fl_y": 1201.39,
            "cx": 971.4,
            "cy": 565.1
        },
        {
            "file_path": "camera/012.jpg",
            "transform_matrix": [
                [
                    -0.5664493441581726,
                    -0.0742189884185791,
                    0.8207470178604126,
                    -1.0187528133392334
                ],
                [
                    0.3389011025428772,
                    0.8868433833122253,
                    0.31409311294555664,
                    0.0006892718374729156
                ],
                [
                    -0.7511864304542542,
                    0.4560704231262207,
                    -0.47719916701316833,
                    -0.10872585326433182
                ],
                [
                    0.0,
                    0.0,
                    0.0,
                    1.0
                ]
            ],
            "w": 672,
            "h": 3,
            "fl_x": 1236.78,
            "fl_y": 1201.39,
            "cx": 971.4,
            "cy": 565.1
        },
        {
            "file_path": "camera/013.jpg",
            "transform_matrix": [
                [
                    -0.5633000135421753,
                    -0.07623948156833649,
                    0.8227280974388123,
                    -1.0162861347198486
                ],
                [
                    0.3379022777080536,
                    0.8874046802520752,
                    0.3135857582092285,
                    0.0040898397564888
                ],
                [
                    -0.7540004253387451,
                    0.45464372634887695,
                    -0.4741132855415344,
                    -0.11190908402204514
                ],
                [
                    0.0,
                    0.0,
                    0.0,
                    1.0
                ]
            ],
            "w": 672,
            "h": 3,
            "fl_x": 1236.78,
            "fl_y": 1201.39,
            "cx": 971.4,
            "cy": 565.1
        },
        {
            "file_path": "camera/014.jpg",
            "transform_matrix": [
                [
                    -0.5643051862716675,
                    -0.07557328045368195,
                    0.8220993876457214,
                    -0.9995680451393127
                ],
                [
                    0.3388650417327881,
                    0.8868445158004761,
                    0.3141286373138428,
                    0.010368596762418747
                ],
                [
                    -0.7528137564659119,
                    0.4558461904525757,
                    -0.4748418927192688,
                    -0.11999780684709549
                ],
                [
                    0.0,
                    0.0,
                    0.0,
                    1.0
                ]
            ],
            "w": 672,
            "h": 3,
            "fl_x": 1236.78,
            "fl_y": 1201.39,
            "cx": 971.4,
            "cy": 565.1
        },
        {
            "file_path": "camera/015.jpg",
            "transform_matrix": [
                [
                    -0.5682450532913208,
                    -0.07499796152114868,
                    0.8194344639778137,
                    -0.9946815967559814
                ],
                [
                    0.3374914526939392,
                    0.8869830369949341,
                    0.31521710753440857,
                    0.012478675693273544
                ],
                [
                    -0.7504650354385376,
                    0.4556722342967987,
                    -0.4787127375602722,
                    -0.12452266365289688
                ],
                [
                    0.0,
                    0.0,
                    0.0,
                    1.0
                ]
            ],
            "w": 672,
            "h": 3,
            "fl_x": 1236.78,
            "fl_y": 1201.39,
            "cx": 971.4,
            "cy": 565.1
        },
        {
            "file_path": "camera/016.jpg",
            "transform_matrix": [
                [
                    -0.5701169967651367,
                    -0.07583208382129669,
                    0.8180561661720276,
                    -0.9851502180099487
                ],
                [
                    0.33629000186920166,
                    0.8869519233703613,
                    0.31658440828323364,
                    0.016591325402259827
                ],
                [
                    -0.749583899974823,
                    0.455594003200531,
                    -0.48016488552093506,
                    -0.12917032837867737
                ],
                [
                    0.0,
                    0.0,
                    0.0,
                    1.0
                ]
            ],
            "w": 672,
            "h": 3,
            "fl_x": 1236.78,
            "fl_y": 1201.39,
            "cx": 971.4,
            "cy": 565.1
        },
        {
            "file_path": "camera/017.jpg",
            "transform_matrix": [
                [
                    -0.5713405609130859,
                    -0.076514333486557,
                    0.8171385526657104,
                    -0.9654669761657715
                ],
                [
                    0.3360508680343628,
                    0.8865438103675842,
                    0.3179783523082733,
                    0.023971188813447952
                ],
                [
                    -0.7487587928771973,
                    0.45627373456954956,
                    -0.48080578446388245,
                    -0.1417684555053711
                ],
                [
                    0.0,
                    0.0,
                    0.0,
                    1.0
                ]
            ],
            "w": 672,
            "h": 3,
            "fl_x": 1236.78,
            "fl_y": 1201.39,
            "cx": 971.4,
            "cy": 565.1
        },
        {
            "file_path": "camera/018.jpg",
            "transform_matrix": [
                [
                    -0.5756769776344299,
                    -0.07807387411594391,
                    0.813941240310669,
                    -0.9574238061904907
                ],
                [
                    0.33272314071655273,
                    0.8869268298149109,
                    0.32040002942085266,
                    0.02812081202864647
                ],
                [
                    -0.746921718120575,
                    0.4552640914916992,
                    -0.48460620641708374,
                    -0.145696759223938
                ],
                [
                    0.0,
                    0.0,
                    0.0,
                    1.0
                ]
            ],
            "w": 672,
            "h": 3,
            "fl_x": 1236.78,
            "fl_y": 1201.39,
            "cx": 971.4,
            "cy": 565.1
        },
        {
            "file_path": "camera/019.jpg",
            "transform_matrix": [
                [
                    -0.5774708986282349,
                    -0.07964567095041275,
                    0.8125174045562744,
                    -0.947532594203949
                ],
                [
                    0.3319655656814575,
                    0.8863351345062256,
                    0.3228154480457306,
                    0.03247789293527603
                ],
                [
                    -0.7458733320236206,
                    0.456143856048584,
                    -0.48539304733276367,
                    -0.15195754170417786
                ],
                [
                    0.0,
                    0.0,
                    0.0,
                    1.0
                ]
            ],
            "w": 672,
            "h": 3,
            "fl_x": 1236.78,
            "fl_y": 1201.39,
            "cx": 971.4,
            "cy": 565.1
        },
        {
            "file_path": "camera/020.jpg",
            "transform_matrix": [
                [
                    -0.5879985690116882,
                    -0.08165197819471359,
                    0.8047299385070801,
                    -0.9344073534011841
                ],
                [
                    0.32560500502586365,
                    0.8868297338485718,
                    0.3278943598270416,
                    0.035491108894348145
                ],
                [
                    -0.7404312491416931,
                    0.45482587814331055,
                    -0.4948683977127075,
                    -0.15275555849075317
                ],
                [
                    0.0,
                    0.0,
                    0.0,
                    1.0
                ]
            ],
            "w": 672,
            "h": 3,
            "fl_x": 1236.78,
            "fl_y": 1201.39,
            "cx": 971.4,
            "cy": 565.1
        },
        {
            "file_path": "camera/021.jpg",
            "transform_matrix": [
                [
                    -0.5865124464035034,
                    -0.07882183790206909,
                    0.8060969710350037,
                    -0.9182688593864441
                ],
                [
                    0.32405591011047363,
                    0.8892859220504761,
                    0.32273826003074646,
                    0.04583466053009033
                ],
                [
                    -0.7422900199890137,
                    0.45050889253616333,
                    -0.4960342049598694,
                    -0.16981595754623413
                ],
                [
                    0.0,
                    0.0,
                    0.0,
                    1.0
                ]
            ],
            "w": 672,
            "h": 3,
            "fl_x": 1236.78,
            "fl_y": 1201.39,
            "cx": 971.4,
            "cy": 565.1
        },
        {
            "file_path": "camera/022.jpg",
            "transform_matrix": [
                [
                    -0.590056300163269,
                    -0.07980072498321533,
                    0.8034077882766724,
                    -0.8914040327072144
                ],
                [
                    0.3222021460533142,
                    0.8891507387161255,
                    0.32495567202568054,
                    0.05442269146442413
                ],
                [
                    -0.7402820587158203,
                    0.45060306787490845,
                    -0.49893718957901,
                    -0.18116691708564758
                ],
                [
                    0.0,
                    0.0,
                    0.0,
                    1.0
                ]
            ],
            "w": 672,
            "h": 3,
            "fl_x": 1236.78,
            "fl_y": 1201.39,
            "cx": 971.4,
            "cy": 565.1
        },
        {
            "file_path": "camera/023.jpg",
            "transform_matrix": [
                [
                    -0.5884514451026917,
                    -0.07980963587760925,
                    0.8045835494995117,
                    -0.8811538815498352
                ],
                [
                    0.32281193137168884,
                    0.8891711831092834,
                    0.32429632544517517,
                    0.06251262128353119
                ],
                [
                    -0.7412939667701721,
                    0.450562059879303,
                    -0.4974711537361145,
                    -0.19292408227920532
                ],
                [
                    0.0,
                    0.0,
                    0.0,
                    1.0
                ]
            ],
            "w": 672,
            "h": 3,
            "fl_x": 1236.78,
            "fl_y": 1201.39,
            "cx": 971.4,
            "cy": 565.1
        },
        {
            "file_path": "camera/024.jpg",
            "transform_matrix": [
                [
                    -0.5935049653053284,
                    -0.08070561289787292,
                    0.8007745146751404,
                    -0.875810444355011
                ],
                [
                    0.3181721866130829,
                    0.8903825283050537,
                    0.32555466890335083,
                    0.06148763746023178
                ],
                [
                    -0.7392691969871521,
                    0.44800156354904175,
                    -0.5027678608894348,
                    -0.19224855303764343
                ],
                [
                    0.0,
                    0.0,
                    0.0,
                    1.0
                ]
            ],
            "w": 672,
            "h": 3,
            "fl_x": 1236.78,
            "fl_y": 1201.39,
            "cx": 971.4,
            "cy": 565.1
        },
        {
            "file_path": "camera/025.jpg",
            "transform_matrix": [
                [
                    -0.5937612652778625,
                    -0.07988403737545013,
                    0.8006663918495178,
                    -0.8488052487373352
                ],
                [
                    0.3175963759422302,
                    0.89100182056427,
                    0.32442140579223633,
                    0.07365074008703232
                ],
                [
                    -0.7393112182617188,
                    0.44691741466522217,
                    -0.5036711692810059,
                    -0.20798420906066895
                ],
                [
                    0.0,
                    0.0,
                    0.0,
                    1.0
                ]
            ],
            "w": 672,
            "h": 3,
            "fl_x": 1236.78,
            "fl_y": 1201.39,
            "cx": 971.4,
            "cy": 565.1
        },
        {
            "file_path": "camera/026.jpg",
            "transform_matrix": [
                [
                    -0.593085765838623,
                    -0.07955335080623627,
                    0.8011997938156128,
                    -0.8358540534973145
                ],
                [
                    0.317787766456604,
                    0.8911857604980469,
                    0.32372957468032837,
                    0.08299652487039566
                ],
                [
                    -0.7397716641426086,
                    0.4466100037097931,
                    -0.5032687187194824,
                    -0.21912416815757751
                ],
                [
                    0.0,
                    0.0,
                    0.0,
                    1.0
                ]
            ],
            "w": 672,
            "h": 3,
            "fl_x": 1236.78,
            "fl_y": 1201.39,
            "cx": 971.4,
            "cy": 565.1
        },
        {
            "file_path": "camera/027.jpg",
            "transform_matrix": [
                [
                    -0.5962085127830505,
                    -0.08339011669158936,
                    0.7984867691993713,
                    -0.8233594298362732
                ],
                [
                    0.3147527575492859,
                    0.8906875252723694,
                    0.3280358910560608,
                    0.08715736120939255
                ],
                [
                    -0.7385571002960205,
                    0.44690364599227905,
                    -0.5047883987426758,
                    -0.2263917624950409
                ],
                [
                    0.0,
                    0.0,
                    0.0,
                    1.0
                ]
            ],
            "w": 672,
            "h": 3,
            "fl_x": 1236.78,
            "fl_y": 1201.39,
            "cx": 971.4,
            "cy": 565.1
        },
        {
            "file_path": "camera/028.jpg",
            "transform_matrix": [
                [
                    -0.5988430380821228,
                    -0.08450319617986679,
                    0.7963961362838745,
                    -0.7958366274833679
                ],
                [
                    0.3136034607887268,
                    0.8902648687362671,
                    0.3302750289440155,
                    0.1001821830868721
                ],
                [
                    -0.7369129657745361,
                    0.44753503799438477,
                    -0.506628155708313,
                    -0.24268925189971924
                ],
                [
                    0.0,
                    0.0,
                    0.0,
                    1.0
                ]
            ],
            "w": 672,
            "h": 3,
            "fl_x": 1236.78,
            "fl_y": 1201.39,
            "cx": 971.4,
            "cy": 565.1
        },
        {
            "file_path": "camera/029.jpg",
            "transform_matrix": [
                [
                    -0.5992810130119324,
                    -0.08384039998054504,
                    0.796136200428009,
                    -0.7720305919647217
                ],
                [
                    0.313507616519928,
                    0.8904876708984375,
                    0.3297652006149292,
                    0.11006776243448257
                ],
                [
                    -0.7365972399711609,
                    0.4472168982028961,
                    -0.5073677897453308,
                    -0.2584199607372284
                ],
                [
                    0.0,
                    0.0,
                    0.0,
                    1.0
                ]
            ],
            "w": 672,
            "h": 3,
            "fl_x": 1236.78,
            "fl_y": 1201.39,
            "cx": 971.4,
            "cy": 565.1
        },
        {
            "file_path": "camera/030.jpg",
            "transform_matrix": [
                [
                    -0.597342848777771,
                    -0.08423621952533722,
                    0.7975509762763977,
                    -0.7746078968048096
                ],
                [
                    0.3138270974159241,
                    0.8906166553497314,
                    0.3291137218475342,
                    0.11066078394651413
                ],
                [
                    -0.7380354404449463,
                    0.446885347366333,
                    -0.5055674314498901,
                    -0.25610795617103577
                ],
                [
                    0.0,
                    0.0,
                    0.0,
                    1.0
                ]
            ],
            "w": 672,
            "h": 3,
            "fl_x": 1236.78,
            "fl_y": 1201.39,
            "cx": 971.4,
            "cy": 565.1
        },
        {
            "file_path": "camera/031.jpg",
            "transform_matrix": [
                [
                    -0.5865989327430725,
                    -0.08388765901327133,
                    0.8055211305618286,
                    -0.7539628148078918
                ],
                [
                    0.3180456757545471,
                    0.8908553719520569,
                    0.32438233494758606,
                    0.12078782171010971
                ],
                [
                    -0.744814395904541,
                    0.44647490978240967,
                    -0.49589478969573975,
                    -0.27110955119132996
                ],
                [
                    0.0,
                    0.0,
                    0.0,
                    1.0
                ]
            ],
            "w": 672,
            "h": 3,
            "fl_x": 1236.78,
            "fl_y": 1201.39,
            "cx": 971.4,
            "cy": 565.1
        },
        {
            "file_path": "camera/032.jpg",
            "transform_matrix": [
                [
                    -0.5770984888076782,
                    -0.08331377059221268,
                    0.81241375207901,
                    -0.7439873814582825
                ],
                [
                    0.3203223645687103,
                    0.8919767141342163,
                    0.31901445984840393,
                    0.12582924962043762
                ],
                [
                    -0.7512320280075073,
                    0.4443373680114746,
                    -0.48807138204574585,
                    -0.27667880058288574
                ],
                [
                    0.0,
                    0.0,
                    0.0,
                    1.0
                ]
            ],
            "w": 672,
            "h": 3,
            "fl_x": 1236.78,
            "fl_y": 1201.39,
            "cx": 971.4,
            "cy": 565.1
        },
        {
            "file_path": "camera/033.jpg",
            "transform_matrix": [
                [
                    -0.5702391862869263,
                    -0.0826341062784195,
                    0.8173115253448486,
                    -0.7180740237236023
                ],
                [
                    0.32346808910369873,
                    0.8919623494148254,
                    0.31586551666259766,
                    0.13774585723876953
                ],
                [
                    -0.7551122903823853,
                    0.4444936513900757,
                    -0.48190271854400635,
                    -0.29316383600234985
                ],
                [
                    0.0,
                    0.0,
                    0.0,
                    1.0
                ]
            ],
            "w": 672,
            "h": 3,
            "fl_x": 1236.78,
            "fl_y": 1201.39,
            "cx": 971.4,
            "cy": 565.1
        },
        {
            "file_path": "camera/034.jpg",
            "transform_matrix": [
                [
                    -0.5710424780845642,
                    -0.0831490084528923,
                    0.8166990280151367,
                    -0.7149301767349243
                ],
                [
                    0.3240777552127838,
                    0.8912208080291748,
                    0.31733375787734985,
                    0.13751068711280823
                ],
                [
                    -0.7542449235916138,
                    0.44588416814804077,
                    -0.4819784164428711,
                    -0.29258960485458374
                ],
                [
                    0.0,
                    0.0,
                    0.0,
                    1.0
                ]
            ],
            "w": 672,
            "h": 3,
            "fl_x": 1236.78,
            "fl_y": 1201.39,
            "cx": 971.4,
            "cy": 565.1
        },
        {
            "file_path": "camera/035.jpg",
            "transform_matrix": [
                [
                    -0.5691654682159424,
                    -0.0845472440123558,
                    0.8178644180297852,
                    -0.691989004611969
                ],
                [
                    0.32340192794799805,
                    0.8915057182312012,
                    0.31722068786621094,
                    0.14647355675697327
                ],
                [
                    -0.7559503316879272,
                    0.44505012035369873,
                    -0.48007169365882874,
                    -0.30575355887413025
                ],
                [
                    0.0,
                    0.0,
                    0.0,
                    1.0
                ]
            ],
            "w": 672,
            "h": 3,
            "fl_x": 1236.78,
            "fl_y": 1201.39,
            "cx": 971.4,
            "cy": 565.1
        },
        {
            "file_path": "camera/036.jpg",
            "transform_matrix": [
                [
                    -0.5644863843917847,
                    -0.08520834147930145,
                    0.8210324645042419,
                    -0.6698501110076904
                ],
                [
                    0.3253122568130493,
                    0.8911900520324707,
                    0.31615203619003296,
                    0.1583791971206665
                ],
                [
                    -0.7586349248886108,
                    0.44555574655532837,
                    -0.47534558176994324,
                    -0.3202286660671234
                ],
                [
                    0.0,
                    0.0,
                    0.0,
                    1.0
                ]
            ],
            "w": 672,
            "h": 3,
            "fl_x": 1236.78,
            "fl_y": 1201.39,
            "cx": 971.4,
            "cy": 565.1
        },
        {
            "file_path": "camera/037.jpg",
            "transform_matrix": [
                [
                    -0.5609833598136902,
                    -0.08583764731884003,
                    0.8233650922775269,
                    -0.6391489505767822
                ],
                [
                    0.32504940032958984,
                    0.8918898701667786,
                    0.3144475817680359,
                    0.16701889038085938
                ],
                [
                    -0.7613422870635986,
                    0.44403326511383057,
                    -0.4724339544773102,
                    -0.3340945243835449
                ],
                [
                    0.0,
                    0.0,
                    0.0,
                    1.0
                ]
            ],
            "w": 672,
            "h": 3,
            "fl_x": 1236.78,
            "fl_y": 1201.39,
            "cx": 971.4,
            "cy": 565.1
        },
        {
            "file_path": "camera/038.jpg",
            "transform_matrix": [
                [
                    -0.5612769722938538,
                    -0.08608689904212952,
                    0.8231385946273804,
                    -0.6196914911270142
                ],
                [
                    0.32158851623535156,
                    0.8937375545501709,
                    0.31275320053100586,
                    0.1746007204055786
                ],
                [
                    -0.7625935077667236,
                    0.4402528405189514,
                    -0.4739499092102051,
                    -0.3428404927253723
                ],
                [
                    0.0,
                    0.0,
                    0.0,
                    1.0
                ]
            ],
            "w": 672,
            "h": 3,
            "fl_x": 1236.78,
            "fl_y": 1201.39,
            "cx": 971.4,
            "cy": 565.1
        },
        {
            "file_path": "camera/039.jpg",
            "transform_matrix": [
                [
                    -0.5562781691551208,
                    -0.08562948554754257,
                    0.826572597026825,
                    -0.593875527381897
                ],
                [
                    0.32179057598114014,
                    0.8948760628700256,
                    0.3092685043811798,
                    0.18390721082687378
                ],
                [
                    -0.7661620378494263,
                    0.4380226135253906,
                    -0.47024527192115784,
                    -0.3565406799316406
                ],
                [
                    0.0,
                    0.0,
                    0.0,
                    1.0
                ]
            ],
            "w": 672,
            "h": 3,
            "fl_x": 1236.78,
            "fl_y": 1201.39,
            "cx": 971.4,
            "cy": 565.1
        },
        {
            "file_path": "camera/040.jpg",
            "transform_matrix": [
                [
                    -0.5517935156822205,
                    -0.08674324303865433,
